# CN 的 ASN 信息
# 最后更新： CST 2025-12-25 11:25:57.245Z
# ASN: 909
# 来源 IPLocate.io（https://iplocate.io），由 qqrrooty 制作。

138421
24151
38345
45090
132203
4837
139007
9929
45083
4134
140647
4538
142404
132147
4809
134768
17429
55990
4847
137753
58851
59034
141006
139018
139587
23724
45102
24429
37963
134763
58466
135089
140308
136199
4813
134774
55786
4811
137718
141739
140319
140318
140311
140320
146810
10981
142433
199310
146813
133774
63614
23650
137266
58563
150145
136192
148981
17816
136959
134543
17623
17622
17789
56013
17621
58539
141771
133776
58772
133775
134760
135040
58461
140485
136190
140726
17962
4835
37936
137694
140061
134761
137695
17638
140553
141679
4812
38283
139220
134756
58519
63835
137689
140638
9808
56044
132525
56047
56041
38019
134810
56042
56045
24547
56046
24445
56040
63531
141425
139080
24444
24138
63571
212371
10111
214439
24400
56048
58593
56005
58542
24406
24409
139767
137698
132536
140292
45062
139183
38365
133111
137735
137688
134762
134766
17799
135629
55960
138950
4808
133865
59037
137691
131506
151185
140717
140716
134765
55996
45101
131558
133952
23848
4816
59009
134771
63647
139118
146817
137697
131483
55468
151302
139180
140979
59029
139769
136160
134542
59083
45110
63581
131516
134764
63548
59043
205152
213625
214899
135671
133846
7721
210041
139073
50922
209294
133555
203236
209574
209306
215786
209650
199392
153633
153376
214575
4842
205610
131325
55967
45061
63701
63583
138457
135054
133219
152711
151270
137702
134772
146806
135061
209218
146966
146834
7497
213605
9812
139203
139462
136191
58540
58541
139887
136200
9308
24139
24350
134770
134769
140293
136958
140309
134773
141025
134238
139201
18245
63620
37937
152120
140486
136188
141998
147038
140527
142608
138570
17968
17964
17490
17442
134420
134425
140329
140330
140083
9394
131524
205027
148982
42962
212164
59068
56006
45079
149304
45075
55992
56003
55973
56002
38057
4859
150374
55966
59067
59019
58834
38378
150166
9811
212237
131574
63567
151261
59049
63580
4611
132019
139177
63646
151295
63629
63631
63634
63722
136189
136237
131497
63689
131578
131519
131567
134578
138538
63603
137764
63718
59012
59074
137710
137806
9405
137801
137798
63654
137788
137715
138029
137785
139138
137758
137571
136197
139743
146782
137759
135432
135363
138545
139266
136766
139726
139179
139178
139148
139799
136173
139154
140633
139139
9384
139141
139136
137719
9389
142111
146746
146842
147008
9818
131495
146758
211843
146822
7653
7609
58543
149793
136146
146814
23852
146812
146771
23771
136180
63561
139110
133118
151313
58854
59073
133475
55982
55971
24404
146835
58850
10206
17428
133194
134767
140345
138169
134419
148969
149837
205418
59011
131539
45113
132225
59223
140105
23841
138982
136194
131285
58448
58536
58811
17897
137693
132153
152186
55956
24424
63838
58777
24413
38340
56282
140903
146762
18239
58518
58517
137692
140636
140484
138991
136198
38379
140707
133119
137539
137699
9809
63648
132437
146809
7641
138407
23844
59045
38255
38380
38367
38375
131562
24427
18118
24430
139099
23853
140886
38364
24362
138371
24422
38381
17775
63641
134413
153726
131536
139721
9802
9814
18242
63593
154315
59078
136195
154402
137787
137690
24149
9939
152920
63617
211265
63538
37969
135426
151277
136769
24349
153725
137264
154010
58862
38027
141776
151823
56019
134417
24376
134421
10212
132510
51928
44421
205651
151397
151464
9805
24348
37942
37970
17781
58571
151058
9401
17633
24355
24357
24361
38834
24489
24490
38564
24147
23842
17739
45071
56012
24141
150184
199406
17776
38358
9306
23911
9807
7640
58866
18241
9803
9810
23851
149979
146841
9392
37965
63555
45064
149178
132833
56000
23910
24353
138376
138377
138381
24356
138378
138442
138438
138393
138440
138369
24358
24359
24360
24367
24368
138373
138370
38272
211992
214740
59265
24302
140043
38323
204856
151951
151483
216173
9425
24150
55641
151276
215750
151230
137256
133492
139100
135646
45576
213903
207338
139859
18257
139090
24144
24239
209300
146772
139161
139112
139317
142438
151418
140731
151187
140682
141429
139216
134477
142164
140915
151194
138535
151674
136591
134488
142553
137908
151202
39753
139589
137835
151785
208618
150173
151490
152911
136725
137436
153185
153186
153187
153189
153190
139888
149510
153331
153333
132623
153057
153168
153170
153171
153172
152922
152930
153033
153034
132479
136535
199932
152921
152892
153330
153332
153458
151814
152134
152118
139791
152631
152598
152697
142586
150373
151193
151331
142642
151494
150141
139231
141445
137721
58828
137726
45275
140852
140853
140854
140855
140856
140857
140858
140859
140860
140861
140862
140863
140056
140290
140291
140294
140295
140296
140297
140298
140299
140300
140301
140302
140303
140053
140245
140246
140247
140248
140249
140250
140251
140252
140253
140254
140255
140256
140257
140258
140259
140260
140261
140508
140509
140510
140511
140512
140513
140514
140515
140516
140517
140518
140519
140520
140521
140522
138387
140238
138679
138641
138635
138597
138514
138513
138409
138436
134775
140312
140316
140310
140313
140315
140314
140648
140649
140650
140651
140652
140653
140654
140655
140656
140657
140328
140331
140332
140333
140334
140335
140336
140337
140494
140346
140358
140360
140361
140349
140353
140359
140357
140347
140350
140348
140351
140354
140356
140352
140355
137401
137402
140528
140529
140530
140531
140532
140533
140534
140535
140537
140536
140538
140364
140365
140366
140367
140368
140369
140370
140371
140372
140373
140374
140375
140376
140377
140378
215507
204518
208754
209481
204185
209645
216412
209484
197433
214203
214040
215502
208679
203655
200890
206729
200536
202256
216056
215265
200853
212532
200268
200809
200256
200103
200789
200936
200959
200545
205794
214660
209556
205603
205618
205532
49904
215007
207615
209586
212053
215969
209261
210426
198516
214921
214871
214613
206843
211968
211158
210903
200021
198527
197626
216299
213891
215848
212982
213545
203309
214933
210352
213878
207303
214207
214955
204211
154185
214610
216256
198266
215315
151673
215832
213582
213116
211575
205779
212793
211729
216373
60666
214963
213700
210738
212985
214843
44446
214759
213782
213629
213404
210176
207299
207091
198025
203643
207317
216100
205369
205008
